"participant"	"condition"	"first_-4_Actual"	"first_-3_Actual"	"first_-2_Actual"	"first_-1_Actual"	"first_0_Actual"	"first_1_Actual"	"first_2_Actual"	"first_3_Actual"	"first_4_Actual"	"second_-4_Actual"	"second_-3_Actual"	"second_-2_Actual"	"second_-1_Actual"	"second_0_Actual"	"second_1_Actual"	"second_2_Actual"	"second_3_Actual"	"second_4_Actual"
"1"	"Instructions"	0.583333333333333	0.548387096774194	0.466666666666667	0.393939393939394	0.548387096774194	0.592592592592593	0.5	0.714285714285714	0.666666666666667	0.538461538461538	0.565217391304348	0.388888888888889	0.633333333333333	0.361111111111111	0.419354838709677	0.722222222222222	0.46875	0.5
"10"	"No_instructions"	0.857142857142857	0.787878787878788	0.875	0.75	0.8	0.657142857142857	0.727272727272727	0.371428571428571	0.527777777777778	0.971428571428571	0.918918918918919	0.945945945945946	0.935483870967742	0.916666666666667	0.566666666666667	0.612903225806452	0.676470588235294	0.625
"11"	"Instructions"	0.941176470588235	1	0.882352941176471	0.882352941176471	0.771428571428571	0.805555555555556	0.783783783783784	0.783783783783784	0.814814814814815	0.966666666666667	0.971428571428571	0.948717948717949	0.805555555555556	0.894736842105263	0.82051282051282	0.75	0.794117647058823	0.615384615384615
"12"	"No_instructions"	0.916666666666667	0.903225806451613	0.826086956521739	0.724137931034483	0.608695652173913	0.741935483870968	0.636363636363636	0.689655172413793	0.617647058823529	0.8	0.875	0.724137931034483	0.681818181818182	0.793103448275862	0.724137931034483	0.866666666666667	0.727272727272727	0.666666666666667
"13"	"Instructions"	0.967741935483871	0.935483870967742	0.939393939393939	0.805555555555556	0.641025641025641	0.815789473684211	0.789473684210526	0.8	0.823529411764706	0.964285714285714	0.851851851851852	0.925925925925926	0.787878787878788	0.714285714285714	0.777777777777778	0.586206896551724	0.647058823529412	0.529411764705882
"14"	"No_instructions"	0.769230769230769	0.739130434782609	0.84	0.866666666666667	0.818181818181818	0.75	0.794117647058823	0.727272727272727	0.814814814814815	NA	NA	NA	NA	NA	NA	NA	NA	NA
"15"	"Instructions"	0.972222222222222	0.971428571428571	0.833333333333333	0.641025641025641	0.694444444444444	0.810810810810811	0.805555555555556	0.735294117647059	0.742857142857143	0.962962962962963	1	0.939393939393939	0.714285714285714	0.8	0.6	0.724137931034483	0.730769230769231	0.481481481481481
"16"	"No_instructions"	0.896551724137931	0.733333333333333	0.8125	0.793103448275862	0.612903225806452	0.62962962962963	0.766666666666667	0.705882352941177	0.642857142857143	1	0.90625	0.783783783783784	0.757575757575758	0.696969696969697	0.78125	0.636363636363636	0.857142857142857	0.588235294117647
"17"	"Instructions"	1	0.972222222222222	0.888888888888889	0.82051282051282	0.741935483870968	0.78125	0.75	0.857142857142857	0.722222222222222	NA	NA	NA	NA	NA	NA	NA	NA	NA
"18"	"No_instructions"	0.911764705882353	0.833333333333333	0.90625	0.771428571428571	0.65625	0.65625	0.727272727272727	0.583333333333333	0.636363636363636	0.833333333333333	0.72972972972973	0.735294117647059	0.727272727272727	0.684210526315789	0.756756756756757	0.588235294117647	0.625	0.558823529411765
"19"	"Instructions"	0.956521739130435	1	0.96551724137931	0.962962962962963	0.730769230769231	0.619047619047619	0.576923076923077	0.909090909090909	0.825	1	1	0.970588235294118	0.972972972972973	0.794117647058823	0.657894736842105	0.75	0.675675675675676	0.555555555555556
"2"	"No_instructions"	0.739130434782609	0.692307692307692	0.678571428571429	0.761904761904762	0.444444444444444	0.571428571428571	0.535714285714286	0.620689655172414	0.411764705882353	NA	NA	NA	NA	NA	NA	NA	NA	NA
"20"	"No_instructions"	0.777777777777778	0.842105263157895	0.761904761904762	0.714285714285714	0.714285714285714	0.607142857142857	0.419354838709677	0.666666666666667	0.527777777777778	0.894736842105263	0.884615384615385	0.833333333333333	0.807692307692308	0.709677419354839	0.617647058823529	0.441176470588235	0.444444444444444	0.485714285714286
"21"	"Instructions"	0.967741935483871	0.973684210526316	0.783783783783784	0.694444444444444	0.705882352941177	0.696969696969697	0.787878787878788	0.777777777777778	0.789473684210526	0.833333333333333	0.763157894736842	0.694444444444444	0.852941176470588	0.515151515151515	0.702702702702703	0.72972972972973	0.657142857142857	0.578947368421053
"22"	"No_instructions"	0.75	0.911764705882353	0.846153846153846	0.75	0.527777777777778	0.424242424242424	0.486486486486487	0.444444444444444	0.424242424242424	0.970588235294118	0.864864864864865	0.789473684210526	0.794871794871795	0.552631578947368	0.657894736842105	0.769230769230769	0.621621621621622	0.625
"23"	"Instructions"	1	1	1	1	0.743589743589744	0.725	0.75	0.85	0.769230769230769	1	1	0.942857142857143	0.871794871794872	0.861111111111111	0.594594594594595	0.717948717948718	0.710526315789474	0.53125
"24"	"No_instructions"	0.96551724137931	0.96875	0.84375	0.935483870967742	0.645161290322581	0.65625	0.548387096774194	0.647058823529412	0.485714285714286	0.967741935483871	0.970588235294118	0.891891891891892	0.916666666666667	0.685714285714286	0.727272727272727	0.59375	0.555555555555556	0.3
"25"	"Instructions"	0.942857142857143	0.837837837837838	0.842105263157895	0.714285714285714	0.58974358974359	0.763157894736842	0.846153846153846	0.789473684210526	0.756756756756757	0.833333333333333	0.805555555555556	0.8125	0.736842105263158	0.638888888888889	0.527777777777778	0.621621621621622	0.696969696969697	0.764705882352941
"26"	"No_instructions"	0.888888888888889	0.931034482758621	0.870967741935484	0.84	0.833333333333333	0.8	0.56	0.666666666666667	0.766666666666667	0.857142857142857	0.925925925925926	0.846153846153846	0.772727272727273	0.758620689655172	0.625	0.566666666666667	0.766666666666667	0.689655172413793
"3"	"Instructions"	0.878787878787879	0.870967741935484	0.714285714285714	0.621621621621622	0.705882352941177	0.84375	0.655172413793103	0.848484848484849	0.75	0.923076923076923	0.846153846153846	0.833333333333333	0.580645161290323	0.6	0.741935483870968	0.363636363636364	0.454545454545455	0.625
"4"	"No_instructions"	0.45	0.730769230769231	0.620689655172414	0.5	0.485714285714286	0.483870967741935	0.555555555555556	0.607142857142857	0.34375	0.636363636363636	0.527777777777778	0.588235294117647	0.657142857142857	0.487179487179487	0.552631578947368	0.666666666666667	0.594594594594595	0.56
"5"	"Instructions"	1	0.914285714285714	0.84375	0.743589743589744	0.8	0.710526315789474	0.805555555555556	0.868421052631579	0.810810810810811	0.842105263157895	0.783783783783784	0.888888888888889	0.675675675675676	0.675675675675676	0.710526315789474	0.6	0.787878787878788	0.566666666666667
"6"	"No_instructions"	0.65	0.741935483870968	0.714285714285714	0.714285714285714	0.72972972972973	0.685714285714286	0.75	0.861111111111111	0.689655172413793	0.710526315789474	0.611111111111111	0.833333333333333	0.647058823529412	0.638888888888889	0.783783783783784	0.714285714285714	0.6	0.529411764705882
"7"	"Instructions"	1	0.970588235294118	0.9	0.702702702702703	0.777777777777778	0.789473684210526	0.783783783783784	0.828571428571429	0.777777777777778	0.8	0.763157894736842	0.684210526315789	0.857142857142857	0.666666666666667	0.594594594594595	0.717948717948718	0.789473684210526	0.590909090909091
"8"	"No_instructions"	0.911764705882353	0.657142857142857	0.702702702702703	0.861111111111111	0.757575757575758	0.787878787878788	0.642857142857143	0.6	0.64	0.923076923076923	0.815789473684211	0.763157894736842	0.8	0.725	0.743589743589744	0.783783783783784	0.918918918918919	0.823529411764706
"9"	"Instructions"	1	0.942857142857143	1	0.9375	0.825	0.871794871794872	0.717948717948718	0.82051282051282	0.736842105263158	NA	NA	NA	NA	NA	NA	NA	NA	NA
