"participant"	"condition"	"Centre_first_-4_Actual"	"Centre_first_-3_Actual"	"Centre_first_-2_Actual"	"Centre_first_-1_Actual"	"Centre_first_0_Actual"	"Centre_first_1_Actual"	"Centre_first_2_Actual"	"Centre_first_3_Actual"	"Centre_first_4_Actual"	"Centre_second_-4_Actual"	"Centre_second_-3_Actual"	"Centre_second_-2_Actual"	"Centre_second_-1_Actual"	"Centre_second_0_Actual"	"Centre_second_1_Actual"	"Centre_second_2_Actual"	"Centre_second_3_Actual"	"Centre_second_4_Actual"	"Side_first_-4_Actual"	"Side_first_-3_Actual"	"Side_first_-2_Actual"	"Side_first_-1_Actual"	"Side_first_0_Actual"	"Side_first_1_Actual"	"Side_first_2_Actual"	"Side_first_3_Actual"	"Side_first_4_Actual"	"Side_second_-4_Actual"	"Side_second_-3_Actual"	"Side_second_-2_Actual"	"Side_second_-1_Actual"	"Side_second_0_Actual"	"Side_second_1_Actual"	"Side_second_2_Actual"	"Side_second_3_Actual"	"Side_second_4_Actual"
"10"	"No_instructions"	0.2	0.181818181818182	0.09375	0.09375	0.0857142857142857	0.142857142857143	0.151515151515152	0.0857142857142857	0.138888888888889	0.0285714285714286	0.027027027027027	0.027027027027027	0.0967741935483871	0.0555555555555556	0	0.0645161290322581	0.0588235294117647	0.15625	0.8	0.818181818181818	0.90625	0.90625	0.914285714285714	0.857142857142857	0.848484848484849	0.914285714285714	0.861111111111111	0.971428571428571	0.972972972972973	0.972972972972973	0.903225806451613	0.944444444444444	1	0.935483870967742	0.941176470588235	0.84375
"11"	"Instructions"	0	0	0	0	0.457142857142857	0.694444444444444	0.432432432432432	0.594594594594595	0.777777777777778	0.9	0.914285714285714	0.846153846153846	0.833333333333333	0.894736842105263	0.82051282051282	0.888888888888889	0.911764705882353	0.923076923076923	1	1	1	1	0.542857142857143	0.305555555555556	0.567567567567568	0.405405405405405	0.222222222222222	0.1	0.0857142857142857	0.153846153846154	0.166666666666667	0.105263157894737	0.17948717948718	0.111111111111111	0.0882352941176471	0.0769230769230769
"12"	"No_instructions"	0.333333333333333	0.548387096774194	0.478260869565217	0.344827586206897	0.347826086956522	0.548387096774194	0.515151515151515	0.344827586206897	0.176470588235294	0.25	0.333333333333333	0.482758620689655	0.545454545454545	0.413793103448276	0.275862068965517	0.433333333333333	0.333333333333333	0.233333333333333	0.666666666666667	0.451612903225806	0.521739130434783	0.655172413793103	0.652173913043478	0.451612903225806	0.484848484848485	0.655172413793103	0.823529411764706	0.75	0.666666666666667	0.517241379310345	0.454545454545455	0.586206896551724	0.724137931034483	0.566666666666667	0.666666666666667	0.766666666666667
"13"	"Instructions"	0	0	0	0	0.538461538461538	0.552631578947368	0.552631578947368	0.275	0.882352941176471	0	0	0	0	0	0	0	0	0	1	1	1	1	0.461538461538462	0.447368421052632	0.447368421052632	0.725	0.117647058823529	1	1	1	1	1	1	1	1	1
"14"	"No_instructions"	0.423076923076923	0.391304347826087	0.76	0.5	0.363636363636364	0.5	0.588235294117647	0.484848484848485	0.592592592592593	0.413793103448276	0.517241379310345	0.655172413793103	0.470588235294118	0.375	0.571428571428571	0.382352941176471	0.411764705882353	0.428571428571429	0.576923076923077	0.608695652173913	0.24	0.5	0.636363636363636	0.5	0.411764705882353	0.515151515151515	0.407407407407407	0.586206896551724	0.482758620689655	0.344827586206897	0.529411764705882	0.625	0.428571428571429	0.617647058823529	0.588235294117647	0.571428571428571
"15"	"Instructions"	0	0	0	0	0.5	0.513513513513513	0.5	0.617647058823529	0.6	0.0740740740740741	0.0606060606060606	0	0	0.0333333333333333	0.0333333333333333	0.0344827586206897	0.0384615384615385	0	1	1	1	1	0.5	0.486486486486487	0.5	0.382352941176471	0.4	0.925925925925926	0.939393939393939	1	1	0.966666666666667	0.966666666666667	0.96551724137931	0.961538461538462	1
"16"	"No_instructions"	0.655172413793103	0.7	0.8125	0.724137931034483	0.612903225806452	0.592592592592593	0.6	0.5	0.357142857142857	0.741935483870968	0.625	0.540540540540541	0.515151515151515	0.363636363636364	0.6875	0.454545454545455	0.485714285714286	0.382352941176471	0.344827586206897	0.3	0.1875	0.275862068965517	0.387096774193548	0.407407407407407	0.4	0.5	0.642857142857143	0.258064516129032	0.375	0.459459459459459	0.484848484848485	0.636363636363636	0.3125	0.545454545454545	0.514285714285714	0.617647058823529
"17"	"Instructions"	0	0	0	0	0.548387096774194	0.5	0.5	0.228571428571429	0.777777777777778	0.0540540540540541	0.0263157894736842	0.0789473684210526	0.0294117647058824	0.0810810810810811	0.0277777777777778	0.0666666666666667	0.0833333333333333	0.166666666666667	1	1	1	1	0.451612903225806	0.5	0.5	0.771428571428571	0.222222222222222	0.945945945945946	0.973684210526316	0.921052631578947	0.970588235294118	0.918918918918919	0.972222222222222	0.933333333333333	0.916666666666667	0.833333333333333
"18"	"No_instructions"	0.264705882352941	0.277777777777778	0.28125	0.457142857142857	0.4375	0.4375	0.272727272727273	0.333333333333333	0.272727272727273	0.555555555555556	0.459459459459459	0.382352941176471	0.484848484848485	0.368421052631579	0.378378378378378	0.647058823529412	0.3125	0.294117647058824	0.735294117647059	0.722222222222222	0.71875	0.542857142857143	0.5625	0.5625	0.727272727272727	0.666666666666667	0.727272727272727	0.444444444444444	0.540540540540541	0.617647058823529	0.515151515151515	0.631578947368421	0.621621621621622	0.352941176470588	0.6875	0.705882352941176
"19"	"Instructions"	0	0	0	0	0.384615384615385	0.333333333333333	0.346153846153846	0.272727272727273	0.625	0	0	0.0588235294117647	0.027027027027027	0	0.0263157894736842	0.0277777777777778	0	0.0277777777777778	1	1	1	1	0.615384615384615	0.666666666666667	0.653846153846154	0.727272727272727	0.375	1	1	0.941176470588235	0.972972972972973	1	0.973684210526316	0.972222222222222	1	0.972222222222222
"20"	"No_instructions"	0.333333333333333	0.315789473684211	0.380952380952381	0.0357142857142857	0.0357142857142857	0.0357142857142857	0	0.1	0	0.0526315789473684	0.153846153846154	0.125	0	0.0967741935483871	0	0	0	0	0.666666666666667	0.684210526315789	0.619047619047619	0.964285714285714	0.964285714285714	0.964285714285714	1	0.9	1	0.947368421052632	0.846153846153846	0.875	1	0.903225806451613	1	1	1	1
"21"	"Instructions"	0	0	0	0	0.5	0.515151515151515	0.515151515151515	0.25	0.368421052631579	0.722222222222222	0.710526315789474	0.555555555555556	0.352941176470588	0.484848484848485	0.405405405405405	0.459459459459459	0.371428571428571	0.289473684210526	1	1	1	1	0.5	0.484848484848485	0.484848484848485	0.75	0.631578947368421	0.277777777777778	0.289473684210526	0.444444444444444	0.647058823529412	0.515151515151515	0.594594594594595	0.540540540540541	0.628571428571429	0.710526315789474
"22"	"No_instructions"	0.09375	0.117647058823529	0.0512820512820513	0.0555555555555556	0.0277777777777778	0.0303030303030303	0	0.0555555555555556	0	0.0588235294117647	0.0810810810810811	0.0789473684210526	0.0769230769230769	0.0263157894736842	0.184210526315789	0.0256410256410256	0.0810810810810811	0.0625	0.90625	0.882352941176471	0.948717948717949	0.944444444444444	0.972222222222222	0.96969696969697	1	0.944444444444444	1	0.941176470588235	0.918918918918919	0.921052631578947	0.923076923076923	0.973684210526316	0.815789473684211	0.974358974358974	0.918918918918919	0.9375
"23"	"Instructions"	0	0	0	0	0.538461538461538	0.55	0.525	0.275	0.41025641025641	0	0	0.0857142857142857	0.0769230769230769	0.0555555555555556	0.189189189189189	0.179487179487179	0.0526315789473684	0.09375	1	1	1	1	0.461538461538462	0.45	0.475	0.725	0.58974358974359	1	1	0.914285714285714	0.923076923076923	0.944444444444444	0.810810810810811	0.82051282051282	0.947368421052632	0.90625
"24"	"No_instructions"	0.0689655172413793	0	0	0	0	0	0	0	0	0	0	0	0	0	0	0	0	0	0.931034482758621	1	1	1	1	1	1	1	1	1	1	1	1	1	1	1	1	1
"25"	"Instructions"	0	0	0	0	0	0.394736842105263	0.564102564102564	0.421052631578947	0.486486486486487	0.222222222222222	0.305555555555556	0.375	0.368421052631579	0.444444444444444	0.527777777777778	0.324324324324324	0.484848484848485	0.676470588235294	1	1	1	1	1	0.605263157894737	0.435897435897436	0.578947368421053	0.513513513513513	0.777777777777778	0.694444444444444	0.625	0.631578947368421	0.555555555555556	0.472222222222222	0.675675675675676	0.515151515151515	0.323529411764706
"26"	"No_instructions"	0.296296296296296	0.137931034482759	0.290322580645161	0.28	0.208333333333333	0.2	0.16	0.0833333333333333	0.333333333333333	0.214285714285714	0.333333333333333	0.192307692307692	0.318181818181818	0.206896551724138	0.34375	0.233333333333333	0.266666666666667	0.206896551724138	0.703703703703704	0.862068965517241	0.709677419354839	0.72	0.791666666666667	0.8	0.84	0.916666666666667	0.666666666666667	0.785714285714286	0.666666666666667	0.807692307692308	0.681818181818182	0.793103448275862	0.65625	0.766666666666667	0.733333333333333	0.793103448275862
"3"	"Instructions"	0	0	0	0	0.441176470588235	0.40625	0.448275862068966	0.121212121212121	0.214285714285714	0	0	0	0.032258064516129	0	0.032258064516129	0.0303030303030303	0	0	1	1	1	1	0.558823529411765	0.59375	0.551724137931034	0.878787878787879	0.785714285714286	1	1	1	0.967741935483871	1	0.967741935483871	0.96969696969697	1	1
"4"	"No_instructions"	0.35	0.538461538461538	0.655172413793103	0.6	0.571428571428571	0.612903225806452	0.592592592592593	0.535714285714286	0.59375	0.636363636363636	0.722222222222222	0.617647058823529	0.742857142857143	0.461538461538462	0.552631578947368	0.487179487179487	0.540540540540541	0.56	0.65	0.461538461538462	0.344827586206897	0.4	0.428571428571429	0.387096774193548	0.407407407407407	0.464285714285714	0.40625	0.363636363636364	0.277777777777778	0.382352941176471	0.257142857142857	0.538461538461538	0.447368421052632	0.512820512820513	0.459459459459459	0.44
"5"	"Instructions"	0	0	0	0	0.514285714285714	0.552631578947368	0.555555555555556	0.289473684210526	0.405405405405405	0.236842105263158	0.351351351351351	0.277777777777778	0.27027027027027	0.378378378378378	0.368421052631579	0.5	0.424242424242424	0.4	1	1	1	1	0.485714285714286	0.447368421052632	0.444444444444444	0.710526315789474	0.594594594594595	0.763157894736842	0.648648648648649	0.722222222222222	0.72972972972973	0.621621621621622	0.631578947368421	0.5	0.575757575757576	0.6
"6"	"No_instructions"	0.575	0.612903225806452	0.685714285714286	0.571428571428571	0.486486486486487	0.6	0.625	0.555555555555556	0.724137931034483	0.578947368421053	0.611111111111111	0.666666666666667	0.617647058823529	0.638888888888889	0.621621621621622	0.8	0.9	0.441176470588235	0.425	0.387096774193548	0.314285714285714	0.428571428571429	0.513513513513513	0.4	0.375	0.444444444444444	0.275862068965517	0.421052631578947	0.388888888888889	0.333333333333333	0.382352941176471	0.361111111111111	0.378378378378378	0.2	0.1	0.558823529411765
"7"	"Instructions"	0	0	0	0	0.5	0.526315789473684	0.540540540540541	0.257142857142857	0.444444444444444	0.7	0.5	0.368421052631579	0.457142857142857	0.384615384615385	0.324324324324324	0.641025641025641	0.473684210526316	0.681818181818182	1	1	1	1	0.5	0.473684210526316	0.459459459459459	0.742857142857143	0.555555555555556	0.3	0.5	0.631578947368421	0.542857142857143	0.615384615384615	0.675675675675676	0.358974358974359	0.526315789473684	0.318181818181818
"8"	"No_instructions"	0.970588235294118	0.857142857142857	0.891891891891892	0.833333333333333	0.818181818181818	0.878787878787879	0.928571428571429	0.771428571428571	0.56	0.974358974358974	0.947368421052632	0.921052631578947	0.925	0.925	0.974358974358974	0.945945945945946	0.972972972972973	1	0.0294117647058824	0.142857142857143	0.108108108108108	0.166666666666667	0.181818181818182	0.121212121212121	0.0714285714285714	0.228571428571429	0.44	0.0256410256410257	0.0526315789473685	0.0789473684210527	0.075	0.075	0.0256410256410257	0.0540540540540541	0.027027027027027	0
"9"	"Instructions"	0	0	0	0	0.525	0.564102564102564	0.538461538461538	0.282051282051282	0.421052631578947	0	0	0	0	0	0	0	0	0	1	1	1	1	0.475	0.435897435897436	0.461538461538462	0.717948717948718	0.578947368421053	1	1	1	1	1	1	1	1	1
