"participant"	"condition"	"first_-4_Expected"	"first_-3_Expected"	"first_-2_Expected"	"first_-1_Expected"	"first_0_Expected"	"first_1_Expected"	"first_2_Expected"	"first_3_Expected"	"first_4_Expected"	"second_-4_Expected"	"second_-3_Expected"	"second_-2_Expected"	"second_-1_Expected"	"second_0_Expected"	"second_1_Expected"	"second_2_Expected"	"second_3_Expected"	"second_4_Expected"
"10"	"No_instructions"	0.797534418531809	0.78719346804392	0.761902977227232	0.756636152253497	0.750964263533248	0.734064468066481	0.720511354775643	0.729885830770661	0.715277777827997	0.75679063121883	0.755528758763285	0.753431488930373	0.756850221681029	0.750624985623401	0.75	0.737443544614145	0.736196158372022	0.710937500056496
"11"	"Instructions"	0.75	0.75	0.75	0.75	0.673542684693742	0.581914028615166	0.642000789598418	0.60145663624614	0.555555555555556	0.974943393939952	0.975879637159723	0.923702425921284	0.783414999070912	0.600354925634134	0.551399959963765	0.528001623063415	0.522220269751768	0.519230769230769
"12"	"No_instructions"	0.809825853160499	0.824673389612091	0.789499630868959	0.756700922711872	0.734081117015798	0.697833269100757	0.696082570481985	0.696430720325827	0.705890133228436	0.794869389870374	0.795389707411271	0.789871100751739	0.760599641380598	0.731062018518794	0.723757912245411	0.704645926934846	0.698216362981632	0.691676953935377
"13"	"Instructions"	0.75	0.75	0.75	0.75	0.715239701028542	0.69553380836277	0.677521751158259	0.699637683433768	0.529413898953563	0.75	0.75	0.75	0.75	0.75	0.75	0.75	0.75	0.75
"14"	"No_instructions"	0.839644391635016	0.816339019164203	0.829402757406342	0.762164370946741	0.731570728054912	0.718808404800461	0.6699434075197	0.657329970745538	0.601852445863413	0.837677273323276	0.837689508090613	0.818450652936501	0.76144881971458	0.730994813306628	0.714352462629098	0.697963214887805	0.6712986148611	0.64285757245479
"15"	"Instructions"	0.75	0.75	0.75	0.75	0.739969548753486	0.724420312610476	0.682802547570318	0.629291758745281	0.6000000823569	0.766885777761117	0.761796054779513	0.75	0.75	0.749331303250232	0.748339564151908	0.745365692935884	0.742483369592197	0.75
"16"	"No_instructions"	0.913793103448276	0.924999999981205	0.953021047844418	0.807299708962026	0.597974699139471	0.601851854360489	0.600000000000009	0.625	0.660714285714286	0.935483870967742	0.906249999983218	0.885065977775912	0.790762996418873	0.659803170781313	0.578125002910411	0.636363636363643	0.628571428571429	0.654411764705882
"17"	"Instructions"	0.75	0.75	0.75	0.75	0.732387122805618	0.717265518834853	0.702365935531388	0.715682465173203	0.555590155950429	0.760403967068041	0.754030579526318	0.757823049882109	0.75107071548226	0.747395870303533	0.748181417713047	0.743648791404185	0.737488398761064	0.708340747703663
"18"	"No_instructions"	0.783488637103069	0.767504428804101	0.767185629938194	0.747151545870584	0.71649176379395	0.689766018333685	0.700046033542002	0.678421023672462	0.681890172160901	0.820284793920022	0.778953271427324	0.773363470765649	0.746978912286983	0.721782537931748	0.69790574558589	0.631481765854555	0.682894709692933	0.676548224879403
"19"	"Instructions"	0.75	0.75	0.75	0.75	0.705356155121623	0.675274410275652	0.665502622264452	0.682338874728489	0.59375	0.75	0.75	0.762575566538755	0.752195971103162	0.75	0.744100611337551	0.743219346231098	0.75	0.743055555555556
"20"	"No_instructions"	0.832214006154116	0.820112388043148	0.798073415103286	0.748406107999657	0.743462758519499	0.741462753638445	0.75	0.7250938374568	0.75	0.762981158866439	0.78415731725179	0.765774089330766	0.75	0.732286184375415	0.75	0.75	0.75	0.75
"21"	"Instructions"	0.75	0.75	0.75	0.75	0.733020582405335	0.706100516084398	0.674668093992153	0.702412021443607	0.657904824078028	0.876158022526626	0.837149331013368	0.782360197125194	0.744542203088577	0.733535110211234	0.715452711385973	0.682812083830839	0.679297860430502	0.677639504632736
"22"	"No_instructions"	0.77007920010254	0.770766695181778	0.755988402880309	0.752304258314459	0.748809701671016	0.748562136187924	0.75	0.740148651969623	0.75	0.762598713789829	0.764312181814469	0.759218988644686	0.753190511512328	0.748872348951489	0.741259301563435	0.746976190762642	0.735622356928639	0.734375132683814
"23"	"Instructions"	0.75	0.75	0.75	0.75	0.741222691319379	0.690363242908444	0.688297695905441	0.701392181252644	0.647435901538555	0.75	0.75	0.763402597095736	0.756117984807435	0.749094404659936	0.729486127781774	0.728905195181347	0.740697068182324	0.726562500937521
"24"	"No_instructions"	0.761998744427013	0.75	0.75	0.75	0.75	0.75	0.75	0.75	0.75	0.75	0.75	0.75	0.75	0.75	0.75	0.75	0.75	0.75
"25"	"Instructions"	0.75	0.75	0.75	0.75	0.75	0.669133554217083	0.617409177498549	0.646279276873773	0.628378396914958	0.784038794455417	0.769256305662438	0.77030201579134	0.732725693674207	0.687239458855708	0.641878566934693	0.673768421461082	0.630564015794041	0.580882378716715
"26"	"No_instructions"	0.820424227330449	0.777869826359179	0.784891631518443	0.750108975444826	0.735870209132332	0.725497191969836	0.717724264103527	0.730202609035418	0.666666666667158	0.800931807265771	0.817352080368017	0.773111978142558	0.750123835732756	0.735967655965902	0.707885798698156	0.70293121848431	0.686648348913336	0.69827586206927
"3"	"Instructions"	0.75	0.75	0.75	0.75	0.682711011450854	0.683255073576384	0.659856024678608	0.722698852451736	0.696429225893531	0.75	0.75	0.75	0.746395162718171	0.75	0.744700154725668	0.743906351318601	0.75	0.75
"4"	"No_instructions"	0.836787367865336	0.865787381509282	0.785257212422652	0.655490501319644	0.612250181403375	0.596939288813481	0.601852996492606	0.616071429410785	0.6015625	0.90779521430061	0.905302122818005	0.78323783647894	0.632988239729084	0.638740531133495	0.611990965398305	0.628206069231902	0.614864865711783	0.61
"5"	"Instructions"	0.75	0.75	0.75	0.75	0.694190930885806	0.684726898380726	0.637767598291856	0.680945682258183	0.64864864864866	0.807189639643202	0.824326120694687	0.788093840481335	0.753266284327553	0.708939273474542	0.706484598920484	0.64899083846267	0.648796426890781	0.650000000000012
"6"	"No_instructions"	0.852193644475998	0.823278182474256	0.781555340320909	0.728841245975285	0.717796695952597	0.682821439939326	0.642275000347915	0.632180921517079	0.56896682773931	0.852895202676062	0.823063918782811	0.780678803089773	0.727129876164462	0.707708315209352	0.680400590928131	0.612112000445331	0.559133092857668	0.639706680765546
"7"	"Instructions"	0.75	0.75	0.75	0.75	0.763403754365165	0.692648013015366	0.638571809357034	0.687715420330062	0.63888888888889	0.92338233948128	0.866065436417624	0.812967099961589	0.770233252735236	0.760310580280896	0.714658775587847	0.617857594429816	0.63526524797643	0.579545454545456
"8"	"No_instructions"	0.950994716427632	0.88461205935631	0.824602058421005	0.743125675620808	0.671384572640588	0.602616924964936	0.563464697791621	0.586239056300774	0.61000000031795	0.951775581681818	0.898781749814869	0.827041200681979	0.742369499939097	0.661120891846443	0.586588526884199	0.559974432261734	0.54345466560458	0.500000000567767
"9"	"Instructions"	0.75	0.75	0.75	0.75	0.684852289781966	0.633711053958454	0.634343428267485	0.68225919933855	0.644736842105263	0.75	0.75	0.75	0.75	0.75	0.75	0.75	0.75	0.75
