"participant"	"condition"	"first_-4_Optimal"	"first_-3_Optimal"	"first_-2_Optimal"	"first_-1_Optimal"	"first_0_Optimal"	"first_1_Optimal"	"first_2_Optimal"	"first_3_Optimal"	"first_4_Optimal"	"second_-4_Optimal"	"second_-3_Optimal"	"second_-2_Optimal"	"second_-1_Optimal"	"second_0_Optimal"	"second_1_Optimal"	"second_2_Optimal"	"second_3_Optimal"	"second_4_Optimal"
"1"	"Instructions"	0.528566484348168	0.557131916205014	0.576423885168275	0.600326285302658	0.627405198070792	0.658799221748158	0.692082379910566	0.728190107023784	0.75	0.528566484348168	0.557131916205014	0.576423885168275	0.600326285302658	0.627405198070792	0.658799221748158	0.692082379910566	0.728190107023784	0.75
"10"	"No_instructions"	0.75	0.75	0.75	0.75	0.75	0.638451276465365	0.555374941519244	0.515334692324375	0.500000000361576	0.75	0.75	0.75	0.75	0.75	0.638451276465365	0.555374941519244	0.515334692324375	0.500000000361576
"11"	"Instructions"	0.75	0.75	0.75	0.75	0.582749622767561	0.507956201205838	0.500251825946342	0.500177070050326	0.5	0.75	0.75	0.75	0.75	0.582749622767561	0.507956201205838	0.500251825946342	0.500177070050326	0.5
"12"	"No_instructions"	0.75	0.75	0.75	0.75	0.704233211420419	0.654872431889615	0.64533675446503	0.594649088944898	0.500044088294471	0.75	0.75	0.75	0.75	0.704233211420419	0.654872431889615	0.64533675446503	0.594649088944898	0.500044088294471
"13"	"Instructions"	0.75	0.75	0.75	0.75	0.685445159053007	0.651442129418346	0.618848883048278	0.566864303395521	0.500002418814038	0.75	0.75	0.75	0.75	0.685445159053007	0.651442129418346	0.618848883048278	0.566864303395521	0.500002418814038
"14"	"No_instructions"	0.75	0.75	0.75	0.75	0.699319502151007	0.687616809600922	0.61390379278349	0.558868064662671	0.50000100239451	NA	NA	NA	NA	NA	NA	NA	NA	NA
"15"	"Instructions"	0.75	0.75	0.75	0.75	0.729939097506971	0.700186924557242	0.615605095140636	0.554567609397122	0.500000137261501	0.75	0.75	0.75	0.75	0.729939097506971	0.700186924557242	0.615605095140636	0.554567609397122	0.500000137261501
"16"	"No_instructions"	0.75	0.75	0.75	0.75	0.501958719648611	0.500000004233325	0.500000000000014	0.5	0.5	0.75	0.75	0.75	0.75	0.501958719648611	0.500000004233325	0.500000000000014	0.5	0.5
"17"	"Instructions"	0.75	0.75	0.75	0.75	0.717882400410244	0.684531037669706	0.654731871062776	0.599860785132763	0.50004448622198	NA	NA	NA	NA	NA	NA	NA	NA	NA
"18"	"No_instructions"	0.75	0.75	0.75	0.743769006591903	0.673409745814744	0.612322327619851	0.566835456320675	0.535263071017386	0.500263964589972	0.75	0.75	0.75	0.743769006591903	0.673409745814744	0.612322327619851	0.566835456320675	0.535263071017386	0.500263964589972
"19"	"Instructions"	0.75	0.75	0.75	0.75	0.63392600331622	0.525823230826956	0.505896464319528	0.501909207337792	0.5	0.75	0.75	0.75	0.75	0.63392600331622	0.525823230826956	0.505896464319528	0.501909207337792	0.5
"2"	"No_instructions"	0.75	0.75	0.706722225185107	0.626946664090275	0.568536937634062	0.540257755917646	0.5310638271642	0.51190483401998	0.500000001777872	NA	NA	NA	NA	NA	NA	NA	NA	NA
"20"	"No_instructions"	0.75	0.75	0.75	0.705371023990387	0.566957238545957	0.51095710187645	0.502539496108123	0.500938374568003	0.5	0.75	0.75	0.75	0.705371023990387	0.566957238545957	0.51095710187645	0.502539496108123	0.500938374568003	0.5
"21"	"Instructions"	0.75	0.75	0.75	0.734536242084301	0.71604116481067	0.664783354752067	0.603767476573003	0.559648085774427	0.500027379640361	0.75	0.75	0.75	0.734536242084301	0.71604116481067	0.664783354752067	0.603767476573003	0.559648085774427	0.500027379640361
"22"	"No_instructions"	0.75	0.75	0.75	0.75	0.707149260156576	0.702550494201506	0.632071439743052	0.57267573545322	0.500002122941018	0.75	0.75	0.75	0.75	0.707149260156576	0.702550494201506	0.632071439743052	0.57267573545322	0.500002122941018
"23"	"Instructions"	0.75	0.75	0.75	0.75	0.733699283878847	0.641569532560807	0.632471801724649	0.573244295464159	0.500000010000227	0.75	0.75	0.75	0.75	0.733699283878847	0.641569532560807	0.632471801724649	0.573244295464159	0.500000010000227
"24"	"No_instructions"	0.75	0.75	0.75	0.713023836335327	0.639870913623777	0.596444891735604	0.580284847548397	0.541186736937508	0.500000231185942	0.75	0.75	0.75	0.713023836335327	0.639870913623777	0.596444891735604	0.580284847548397	0.541186736937508	0.500000231185942
"25"	"Instructions"	0.75	0.75	0.75	0.703112597115704	0.608788782425342	0.545138337349944	0.514952632838337	0.50366328257521	0.50000003810297	0.75	0.75	0.75	0.703112597115704	0.608788782425342	0.545138337349944	0.514952632838337	0.50366328257521	0.50000003810297
"26"	"No_instructions"	0.75	0.75	0.75	0.75	0.682177003835193	0.62748595984918	0.548276650647043	0.512431308425011	0.500000000001474	0.75	0.75	0.75	0.75	0.682177003835193	0.62748595984918	0.548276650647043	0.512431308425011	0.500000000001474
"3"	"Instructions"	0.75	0.75	0.70107194520242	0.638250044263305	0.597478292621936	0.585704796495715	0.548909593513819	0.524765532726819	0.500003054169809	0.75	0.75	0.70107194520242	0.638250044263305	0.597478292621936	0.585704796495715	0.548909593513819	0.524765532726819	0.500003054169809
"4"	"No_instructions"	0.75	0.75	0.75	0.592484168866074	0.508937817455906	0.500269365958838	0.500001931581272	0.500000001566799	0.5	0.75	0.75	0.75	0.592484168866074	0.508937817455906	0.500269365958838	0.500001931581272	0.500000001566799	0.5
"5"	"Instructions"	0.75	0.75	0.75	0.75	0.641482365611289	0.631886768498457	0.547981676925341	0.511448720528269	0.500000000000029	0.75	0.75	0.75	0.75	0.641482365611289	0.631886768498457	0.547981676925341	0.511448720528269	0.500000000000029
"6"	"No_instructions"	0.75	0.75	0.75	0.712972180456749	0.683804319458117	0.63803573323221	0.577640000556664	0.537925658730742	0.500001809735237	0.75	0.75	0.75	0.712972180456749	0.683804319458117	0.63803573323221	0.577640000556664	0.537925658730742	0.500001809735237
"7"	"Instructions"	0.75	0.75	0.75	0.75	0.75	0.641031224729196	0.543857847310513	0.507782190172464	0.500000000000002	0.75	0.75	0.75	0.75	0.75	0.641031224729196	0.543857847310513	0.507782190172464	0.500000000000002
"8"	"No_instructions"	0.75	0.75	0.75	0.74175081074497	0.65391447767183	0.582288224960099	0.549115828390976	0.537717295204707	0.500000000567767	0.75	0.75	0.75	0.74175081074497	0.65391447767183	0.582288224960099	0.549115828390976	0.537717295204707	0.500000000567767
"9"	"Instructions"	0.75	0.75	0.75	0.75	0.62590912339422	0.543851413835441	0.535209223925329	0.509828070382132	0.5	NA	NA	NA	NA	NA	NA	NA	NA	NA
