"participant"	"condition"	"first_-4_Optimal"	"first_-3_Optimal"	"first_-2_Optimal"	"first_-1_Optimal"	"first_0_Optimal"	"first_1_Optimal"	"first_2_Optimal"	"first_3_Optimal"	"first_4_Optimal"	"second_-4_Optimal"	"second_-3_Optimal"	"second_-2_Optimal"	"second_-1_Optimal"	"second_0_Optimal"	"second_1_Optimal"	"second_2_Optimal"	"second_3_Optimal"	"second_4_Optimal"
"10"	"No_instructions"	0.987672092659045	0.954564074241562	0.87696509042381	0.820785624037297	0.761249741221222	0.75	0.75	0.75	0.75	0.987672092659045	0.954564074241562	0.87696509042381	0.820785624037297	0.761249741221222	0.75	0.75	0.75	0.75
"11"	"Instructions"	0.999937104377724	0.997055853143447	0.9552846851797	0.790097998885094	0.75	0.75	0.75	0.75	0.75	0.999937104377724	0.997055853143447	0.9552846851797	0.790097998885094	0.75	0.75	0.75	0.75	0.75
"12"	"No_instructions"	0.929477559481497	0.886169122233814	0.832590137271459	0.769432675864429	0.75	0.75	0.75	0.75	0.75	0.929477559481497	0.886169122233814	0.832590137271459	0.769432675864429	0.75	0.75	0.75	0.75	0.75
"13"	"Instructions"	0.946289803289929	0.900493845438592	0.838786520858423	0.763098485892104	0.75	0.75	0.75	0.75	0.75	0.946289803289929	0.900493845438592	0.838786520858423	0.763098485892104	0.75	0.75	0.75	0.75	0.75
"14"	"No_instructions"	0.961886743864584	0.919533048975186	0.854477312376765	0.774328741893482	0.75	0.75	0.75	0.75	0.75	0.961886743864584	0.919533048975186	0.854477312376765	0.774328741893482	0.75	0.75	0.75	0.75	0.75
"15"	"Instructions"	0.977957999775078	0.944634903861957	0.883098701521908	0.798171661527153	0.75	0.75	0.75	0.75	0.75	0.977957999775078	0.944634903861957	0.883098701521908	0.798171661527153	0.75	0.75	0.75	0.75	0.75
"16"	"No_instructions"	1	0.999999999973149	0.999872058885438	0.829128169518988	0.75	0.75	0.75	0.75	0.75	1	0.999999999973149	0.999872058885438	0.829128169518988	0.75	0.75	0.75	0.75	0.75
"17"	"Instructions"	0.942473390758753	0.903162022000102	0.849091965173385	0.786404326396825	0.75	0.75	0.75	0.75	0.75	0.942473390758753	0.903162022000102	0.849091965173385	0.786404326396825	0.75	0.75	0.75	0.75	0.75
"18"	"No_instructions"	0.876512629056039	0.813015943694763	0.811104462002468	0.75	0.75	0.75	0.75	0.75	0.75	0.876512629056039	0.813015943694763	0.811104462002468	0.75	0.75	0.75	0.75	0.75	0.75
"19"	"Instructions"	0.999886412777531	0.996600362197049	0.963784631158841	0.831250930816988	0.75	0.75	0.75	0.75	0.75	0.999886412777531	0.996600362197049	0.963784631158841	0.831250930816988	0.75	0.75	0.75	0.75	0.75
"20"	"No_instructions"	0.996642018462348	0.972022562136634	0.876192714646125	0.75	0.75	0.75	0.75	0.75	0.75	0.996642018462348	0.972022562136634	0.876192714646125	0.75	0.75	0.75	0.75	0.75	0.75
"21"	"Instructions"	0.924680338883021	0.872654614018815	0.808248354825349	0.75	0.75	0.75	0.75	0.75	0.75	0.924680338883021	0.872654614018815	0.808248354825349	0.75	0.75	0.75	0.75	0.75	0.75
"22"	"No_instructions"	0.964178134427097	0.926516909045114	0.86677385616602	0.791476649660262	0.75	0.75	0.75	0.75	0.75	0.964178134427097	0.926516909045114	0.86677385616602	0.791476649660262	0.75	0.75	0.75	0.75	0.75
"23"	"Instructions"	0.9842004067701	0.958081924872874	0.906363632783591	0.829533802496652	0.75	0.75	0.75	0.75	0.75	0.9842004067701	0.958081924872874	0.906363632783591	0.829533802496652	0.75	0.75	0.75	0.75	0.75
"24"	"No_instructions"	0.923981794191686	0.866058459005889	0.793934172756517	0.75	0.75	0.75	0.75	0.75	0.75	0.923981794191686	0.866058459005889	0.793934172756517	0.75	0.75	0.75	0.75	0.75	0.75
"25"	"Instructions"	0.903174575049378	0.813020636713434	0.804138708776906	0.75	0.75	0.75	0.75	0.75	0.75	0.903174575049378	0.813020636713434	0.804138708776906	0.75	0.75	0.75	0.75	0.75	0.75
"26"	"No_instructions"	0.987681767240266	0.952056241104051	0.870182286341303	0.750389198017235	0.75	0.75	0.75	0.75	0.75	0.987681767240266	0.952056241104051	0.870182286341303	0.750389198017235	0.75	0.75	0.75	0.75	0.75
"3"	"Instructions"	0.837363910711164	0.77140934046933	0.75	0.75	0.75	0.75	0.75	0.75	0.75	0.837363910711164	0.77140934046933	0.75	0.75	0.75	0.75	0.75	0.75	0.75
"4"	"No_instructions"	0.997963908186674	0.965033708517238	0.803813640013522	0.75	0.75	0.75	0.75	0.75	0.75	0.997963908186674	0.965033708517238	0.803813640013522	0.75	0.75	0.75	0.75	0.75	0.75
"5"	"Instructions"	0.99146736738241	0.961543574284878	0.887137825732807	0.762085252011948	0.75	0.75	0.75	0.75	0.75	0.99146736738241	0.961543574284878	0.887137825732807	0.762085252011948	0.75	0.75	0.75	0.75	0.75
"6"	"No_instructions"	0.927728077349562	0.869559139826418	0.796018204634659	0.75	0.75	0.75	0.75	0.75	0.75	0.927728077349562	0.869559139826418	0.796018204634659	0.75	0.75	0.75	0.75	0.75	0.75
"7"	"Instructions"	0.997689056401829	0.982130872835248	0.920910699895742	0.794260240358329	0.776807508730329	0.75	0.75	0.75	0.75	0.997689056401829	0.982130872835248	0.920910699895742	0.794260240358329	0.776807508730329	0.75	0.75	0.75	0.75
"8"	"No_instructions"	0.957085465410287	0.907047402582362	0.833644732169005	0.75	0.75	0.75	0.75	0.75	0.75	0.957085465410287	0.907047402582362	0.833644732169005	0.75	0.75	0.75	0.75	0.75	0.75
"9"	"Instructions"	0.991402510346425	0.961764102006392	0.882633047576719	0.757396056863497	0.75	0.75	0.75	0.75	0.75	0.991402510346425	0.961764102006392	0.882633047576719	0.757396056863497	0.75	0.75	0.75	0.75	0.75
